;
; The first columm is the index within FATV10.BNK to the matching GM
; patch. The second column is a specified frequency for the percussive
; patches. The melodic patches ignore this field. The third column is just
; a total count of all patches placed in the OPL2.BNK.	 The fourth column
; shows the percussive patch numbers
;
01  00 ;  01
02  00 ;  02
03  00 ;  03
04  00 ;  04
05  00 ;  05
06  00 ;  06
07  00 ;  07
08  00 ;  08
09  00 ;  09
10  00 ;  10
11  00 ;  11
12  00 ;  12
13  00 ;  13
14  00 ;  14
15  00 ;  15
16  00 ;  16
17  00 ;  17
18  00 ;  18
19  00 ;  19
20  00 ;  20
21  00 ;  21
22  00 ;  22
23  00 ;  23
24  00 ;  24
25  00 ;  25
26  00 ;  26
27  00 ;  27
28  00 ;  28
29  00 ;  29
30  00 ;  30
31  00 ;  31
32  00 ;  32
33  00 ;  33
34  00 ;  34
35  00 ;  35
36  00 ;  36
37  00 ;  37
38  00 ;  38
39  00 ;  39
40  00 ;  40
41  00 ;  41
42  00 ;  42
43  00 ;  43
44  00 ;  44
45  00 ;  45
46  00 ;  46
47  00 ;  47
48  00 ;  48
49  00 ;  49
50  00 ;  50
51  00 ;  51
52  00 ;  52
53  00 ;  53
54  00 ;  54
55  00 ;  55
56  00 ;  56
57  00 ;  57
58  00 ;  58
59  00 ;  59
60  00 ;  60
61  00 ;  61
62  00 ;  62
63  00 ;  63
64  00 ;  64
65  00 ;  65
66  00 ;  66
67  00 ;  67
68  00 ;  68
69  00 ;  69
70  00 ;  70
71  00 ;  71
72  00 ;  72
73  00 ;  73
74  00 ;  74
75  00 ;  75
76  00 ;  76
77  00 ;  77
78  00 ;  78
79  00 ;  79
80  00 ;  80
81  00 ;  81
82  00 ;  82
83  00 ;  83
84  00 ;  84
85  00 ;  85
86  00 ;  86
87  00 ;  87
88  00 ;  88
89  00 ;  89
90  00 ;  90
91  00 ;  91
92  00 ;  92
93  00 ;  93
94  00 ;  94
95  00 ;  95
96  00 ;  96
97  00 ;  97
98  00 ;  98
99  00 ;  99
100 00 ; 100
101 00 ; 101
102 00 ; 102
103 00 ; 103
104 00 ; 104
105 00 ; 105
106 00 ; 106
107 00 ; 107
108 00 ; 108
109 00 ; 109
110 00 ; 110
111 00 ; 111
112 00 ; 112
113 00 ; 113
114 00 ; 114
115 00 ; 115
116 00 ; 116
117 00 ; 117
118 00 ; 118
119 00 ; 119
120 00 ; 120
121 00 ; 121
122 00 ; 122
123 00 ; 123
124 00 ; 124
125 00 ; 125
126 00 ; 126
127 00 ; 127
128 00 ; 128
183 35 ; 129  01 one based count
183 35 ; 130  02
183 35 ; 131  03
183 35 ; 132  04
183 35 ; 133  05
183 35 ; 134  06
183 35 ; 135  07
183 35 ; 136  08
183 35 ; 137  09
183 35 ; 138  10
183 35 ; 139  11
183 35 ; 140  12
183 35 ; 141  13
183 35 ; 142  14
183 35 ; 143  15
183 35 ; 144  16
183 35 ; 145  17
183 35 ; 146  18
183 35 ; 147  19
183 35 ; 148  20
183 35 ; 149  21
183 35 ; 150  22
183 35 ; 151  23
183 35 ; 152  24
183 35 ; 153  25
183 35 ; 154  26
183 35 ; 155  27
183 35 ; 156  28
183 35 ; 157  29
183 35 ; 158  30
183 35 ; 159  31
183 35 ; 160  32
183 35 ; 161  33
183 35 ; 162  34
183 35 ; 163  35
183 35 ; 164  36
185 52 ; 165  37
186 48 ; 166  38
187 58 ; 167  39
188 60 ; 168  40
189 47 ; 169  41
190 43 ; 170  42
189 49 ; 171  43
192 43 ; 172  44
189 51 ; 173  45
194 43 ; 174  46
189 54 ; 175  47
189 57 ; 176  48
197 72 ; 177  49
189 60 ; 178  50
199 76 ; 179  51
200 84 ; 180  52
201 36 ; 181  53
202 76 ; 182  54
203 84 ; 183  55
204 83 ; 184  56
205 84 ; 185  57
206 24 ; 186  58
199 77 ; 187  59
208 60 ; 188  60
209 65 ; 189  61
210 59 ; 190  62
211 51 ; 191  63
212 45 ; 192  64
213 71 ; 193  65
214 60 ; 194  66
215 58 ; 195  67
216 53 ; 196  68
217 64 ; 197  69
218 71 ; 198  70
219 61 ; 199  71
220 61 ; 200  72
221 48 ; 201  73
222 48 ; 202  74
223 69 ; 203  75
224 68 ; 204  76
225 63 ; 205  77
226 74 ; 206  78
227 60 ; 207  79
228 80 ; 208  80
229 64 ; 209  81
230 69 ; 210  82
231 73 ; 211  83
232 75 ; 212  84
233 68 ; 213  85
234 48 ; 214  86
235 53 ; 215  87
183 35 ; 216  88
183 35 ; 217  89
183 35 ; 218  90
183 35 ; 219  91
183 35 ; 220  92
183 35 ; 221  93
183 35 ; 222  94
183 35 ; 223  95
183 35 ; 224  96
183 35 ; 225  97
183 35 ; 226  98
183 35 ; 227  99
183 35 ; 228 100
183 35 ; 229 101
183 35 ; 230 102
183 35 ; 231 103
183 35 ; 232 104
183 35 ; 233 105
183 35 ; 234 106
183 35 ; 235 107
183 35 ; 236 108
183 35 ; 237 109
183 35 ; 238 110
183 35 ; 239 111
183 35 ; 240 112
183 35 ; 241 113
183 35 ; 242 114
183 35 ; 243 115
183 35 ; 244 116
183 35 ; 245 117
183 35 ; 246 118
183 35 ; 247 119
183 35 ; 248 120
183 35 ; 249 121
183 35 ; 250 122
183 35 ; 251 123
183 35 ; 252 124
183 35 ; 253 125
183 35 ; 254 126
183 35 ; 255 127
183 35 ; 256 128
